# nominal voltage (kV)
param vb       := 12.66;  


# node of the substation
param SE       := 0; 


# battery parameters
param: BAT:	life_Cy		life    DoD     Rtef   beta  	cosB	cosI	sizeB	EoC_ini	P_inv	man:=	
		1	1203.0      18		0.90	0.968   0.002	145.1	50.6	400		80		100		0.015	# 
;


# probability of the stochastic scenarios
param: cen: prob:=
1	0.25
2	0.25
3	0.25
4	0.25
;


# length of periods and cost of energy in each
param:	T:	delt_t	cus_p:= 
		1	1		0.0385 
		2	1		0.0327 
		3	1		0.0317 
		4	1		0.0336 
		5	1		0.0327 
		6	1		0.0394 
		7	1		0.0423 
		8	1		0.0442 
		9	1		0.0529 
		10	1		0.0606 
		11	1		0.0673 
		12	1		0.0721 
		13	1		0.0798 
		14	1		0.0847 
		15	1		0.0866 
		16	1		0.0914 
		17	1		0.0933 
		18	1		0.0962 
		19	1		0.0895 
		20	1		0.0875 
		21	1		0.0837 
		22	1		0.0721 
		23	1		0.0625 
		24	1		0.0529 
;


# demanded load for each stochastc scenario
param D_F:	1		2	 	3		4 :=
	1	0.4140    0.4370    0.4600    0.5520
	2	0.3960    0.4180    0.4400    0.5280
	3	0.3780    0.3990    0.4200    0.5040
	4	0.3690    0.3895    0.4100    0.4920
	5	0.3600    0.3800    0.4000    0.4800
	6	0.4050    0.4275    0.4500    0.5400
	7	0.4320    0.4560    0.4800    0.5760
	8	0.4500    0.4750    0.5000    0.6000
	9	0.4950    0.5225    0.5500    0.6600
	10	0.5670    0.5985    0.6300    0.7560
	11	0.6300    0.6650    0.7000    0.8400
	12	0.6750    0.7125    0.7500    0.9000
	13	0.7470    0.7885    0.8300    0.9960
	14	0.7920    0.8360    0.8800    1.0560
	15	0.8100    0.8550    0.9000    1.0800
	16	0.8550    0.9025    0.9500    1.1400
	17	0.8730    0.9215    0.9700    1.1640
	18	0.9000    0.9500    1.0000    1.2000
	19	0.8190    0.8645    0.9100    1.0920
	20	0.8010    0.8455    0.8900    1.0680
	21	0.7830    0.8265    0.8700    1.0440
	22	0.6750    0.7125    0.7500    0.9000
	23	0.6210    0.6555    0.6900    0.8280
	24	0.5310    0.5605    0.5900    0.7080
;


# photovoltaic generation profile
param PV_F: 1	2	3	4:=
		1	0.00 0.0000 0.0000 0.0000
		2	0.00 0.0000 0.0000 0.0000
		3	0.00 0.0000 0.0000 0.0000
		4	0.00 0.0000 0.0000 0.0000
		5	0.00 0.0000 0.0000 0.0000
		6	0.04 0.0134 0.0067 0.0037
		7	0.18 0.0481 0.0529 0.0251
		8	0.37 0.1175 0.1754 0.1134
		9	0.55 0.3394 0.2348 0.2133
		10	0.71 0.5513 0.2730 0.0719
		11	0.84 0.6443 0.3926 0.0909
		12	0.94 0.9073 0.3966 0.0946
		13	0.99 0.9520 0.5400 0.0669
		14	0.99 0.9370 0.5820 0.1214
		15	0.95 0.8695 0.6627 0.2144
		16	0.83 0.6466 0.4575 0.1745
		17	0.54 0.4335 0.3937 0.0989
		18	0.38 0.1970 0.2062 0.1393
		19	0.09 0.0579 0.0935 0.0505
		20	0.00 0.0000 0.0000 0.0000
		21	0.00 0.0000 0.0000 0.0000
		22	0.00 0.0000 0.0000 0.0000
		23	0.00 0.0000 0.0000 0.0000
		24	0.00 0.0000 0.0000 0.0000
;


# nominal load in each node
param: N: 	Pd  Qd  AB:=
		# Nó kW kVAr
		0	0	0	0
		1	100	60  1
		2	90	40  0
		3	120	80  1
		4	60	30  0
		5	60	20  1
		6	200	100 0
		7	200	100 1
		8	60	20  0
		9	60	20  1
		10	45	30  0
		11	60	35  1
		12	60	35  0
		13	120	80  1
		14	60	10  0
		15	60	20  1
		16	60	20  0
		17	90	40  1
		18	90	40  0
		19	90	40  1
		20	90	40  0
		21	90	40  1
		22	90	50  1
		23	420	200 0
		24	420	200 1
		25	60	25  0
		26	60	25  1
		27	60	20  0
		28	120	70  1
		29	200	600 0
		30	150	70  1
		31	210	100 0
		32	60	40  1
;


# parameters of each circuit
param: L: 	R		X	Imax:=
1	0	1	0.0922	0.0477	300
2	1	2	0.4930	0.2511	300
3	2	3	0.3660	0.1864	300
4	3	4	0.3811	0.1941	300
5	4	5	0.8190	0.7070	300
6	5	6	0.1872	0.6188	300
7	6	7	0.7114	0.2351	300
8	7	8	1.0300	0.7400	300
9	8	9	1.0440	0.7400	300
10	9	10	0.1966	0.0650	300
11	10	11	0.3744	0.1238	300
12	11	12	1.4680	1.1550	300
13	12	13	0.5416	0.7129	300
14	13	14	0.5910	0.5260	300
15	14	15	0.7463	0.5450	300
16	15	16	1.2890	1.7210	300
17	16	17	0.7320	0.5740	300
18	1	18	0.1640	0.1565	300
19	18	19	1.5042	1.3554	300
20	19	20	0.4095	0.4784	300
21	20	21	0.7089	0.9373	300
22	2	22	0.4512	0.3083	300
23	22	23	0.8980	0.7091	300
24	23	24	0.8960	0.7011	300
25	5	25	0.2030	0.1034	300
26	25	26	0.2842	0.1447	300
27	26	27	1.0590	0.9337	300
28	27	28	0.8042	0.7006	300
29	28	29	0.5075	0.2585	300
30	29	30	0.9744	0.9630	300
31	30	31	0.3105	0.3619	300
32	31	32	0.3410	0.5302	300
# 33	7	20	2	2	300
# 34	8	14	2	2	300
# 35	11	21	2	2	300
# 36	17	32	0.5	0.5	300
# 37	24	28	0.5	0.5	300
;